1.7147203152809563
1.6537960844139334
2.0059992372234934
1.1592690058479533
2.111749300788202
2.2796669209255023
1.98767607424358
2.1808511314518184
2.154986015764048
2.6841412407831173
2.0533854563946097
2.1374377065853034
2.105516781083143
2.059770531400966
1.8646503941011956
1.7782831172133233
1.5837356979405037
2.305608314263921
2.0293859649122807
2.401580854309687
1.98908975336893
2.164221967963387
2.1050133485888636
1.536728960081363
2.3391755657259092
2.2337261632341727
1.9203572336638701
1.11337020086448
1.8809515636918384
2.070345156369184
2.0415249173658787
2.2681089499110096
3.0483663869819475
1.6860958555809813
1.8977383676582762
2.21925565725909
2.7402116704805497
2.0722775235189426
1.317116704805492
1.7253623188405798
1.4780828883803714
3.2126366641240787
1.4337782862954487
1.3218573607932878
2.3185723366386983
2.43583015509789
2.5286892957030256
2.608080981439105
1.5545480549199084
2.4919908466819223
2.962385583524028
2.3799497838799906
2.476160055936944
1.8661416221713703
2.036006864988558
2.9624879227053142
2.3052123061276375
1.6483752860411902
2.4598271039918633
2.3156051360284766
2.1333886346300535
2.5053998220188154
2.888551995931859
2.3238558352402747
2.264908466819222
1.9713876175947112
2.0960570811085684
2.7145207220950933
1.8759204169844896
2.1794330027968476
2.6581718789727944
2.1744145690312746
2.357919527078566
2.5861962878210023
2.1217105263157894
2.956854818204933
1.4751214085939486
2.4448766844647856
1.9793478260869561
2.354909102466311
2.222011187388762
1.845596236969235
2.422119883040936
2.021371726417493
1.020716374269006
1.8433479532163743
1.4392156114924994
0.8750877192982455
2.0922953216374274
1.7303051106025935
1.0110818713450291
2.539980930587338
2.053362573099415
1.6604958047292144
2.0732112890922956
0.7093185863208746
0.7277777777777779
0.4736842105263158
1.292775235189423
0.9966666666666666
1.741038011695906
1.3253210017798118
1.697337909992372
1.9124548690566994
2.104809305873379
1.4748538011695904
1.4670900076277649
1.1616870073735064
1.1303330790744979
1.6709699974574117
1.5035812356979406
2.1637426900584793
1.7322190439867782
0.7870175438596492
1.8549853801169587
1.339575387744724
2.778038393084159
1.805169082125604
2.0032011187388763
2.0514766081871345
1.7884642766336134
2.0423493516399693
1.229312865497076
1.344018560894991
0.7822222222222222
1.194940249173659
0.7258333333333333
1.5033765573353675
2.191222984998729
1.8242098906687005
1.1861988304093567
2.183386727688787
1.9907297228578689
2.1178070175438592
1.694495931858632
2.121520467836257
2.1122514619883037
2.155701118738876
2.3877040427154843
2.5338742690058482
3.0432309941520472
1.733288202390033
2.488946732773964
2.3686689549961866
1.980773582506992
2.477264810577167
2.198888888888889
1.7965344520722095
2.1096624713958807
1.9932220950928046
1.6200877192982455
1.8297800661072974
2.8547076023391815
1.759985380116959
1.742513348588863
1.4684699974574116
1.5357869310958556
1.6894190185608953
1.9431540808543097
1.7589912280701758
2.0231184846173407
1.340190058479532
1.4626875158911772
1.2978508771929829
0.6481133994406305
1.421008136282736
1.2306712433257057
1.6672654462242564
1.358216374269006
1.533674675819985
2.251407958301551
1.540978896516654
0.7584210526315789
2.099249936435291
1.412090007627765
1.5175686498855834
1.7342359521993387
2.3684483854563947
1.8430555555555554
2.414195906432749
2.1948391812865493
2.029076404780066
1.4608333333333332
2.210582252733283
2.1273480803457923
1.2228801169590646
1.3451131451817953
0.5962865497076024