-1.0207734713450949
-0.7507502594740905
-1.044219311409602
-1.1191294016296542
-1.1844842951035324
-1.0384555637319817
-1.0258105292093602
-0.9354120813954305
-0.9664253676099097
-1.0529958515995783
-1.0571992023334018
-1.175774052340054
-1.07870626655898
-0.9519716539260217
-0.9531462090379393
-1.1297639181016963
-1.0380094294987352
-0.8872046234896014
-1.0493480651150286
-1.0655773119412637
-0.8467700561858115
-0.9863778814270519
-0.9922620333857574
-0.8576500797788444
-1.0732209709968357
-1.0402833796833313
-1.147473783928666
-0.8052321551122411
-1.4786588371626013
-1.00130132710489
-0.7760037919643202
-1.0934873119972761
-0.8094844679849095
-1.0798963837186808
-1.1665564705019547
-1.0303949968474932
-1.1239625070451333
-0.554018909542482
-0.9677545525133768
-1.1308705275945714
-0.8793351570237723
-1.1387917193083936
-1.4781233354528633
-1.0792210456394113
-0.9802367692985345
-1.234275211320747
-0.8176142462722743
-0.8977578191067926
-1.1271492285484987
-1.0507379067586753
-1.3370226066099227
-1.1985770902327004
-0.853081282160747
-1.099968139134123
-0.9143925230672333
-0.9357713071546486
-1.059012654418929
-1.2491750762905909
-0.7084563122759556
-1.0244564655162476
-1.386577088570706
-1.0508706080550831
-0.9928537678271875
-0.9020090713317602
-1.1118519219913288
-1.2788441461192088
-1.003498653157283
-1.2890305212271411
-0.8886658465617866
-0.8868926879946485
-1.0754469158294084
-1.0953384823567285
-0.9213118884386208
-1.1683222773204796
-1.0499762544672693
-1.2210577858782794
-1.0328883865754113
-0.7519575451117315
-0.916738993133203
-1.3186317287459743
-1.135365741032451
-1.050344475235758
-0.9970102925080658
-1.1120637799828081
-1.0454188500675987
-0.7633631270154301
-0.9291586308186829
-1.1961612692414572
-1.157047896174676
-0.7725320812767108
-1.1499689776143078
-0.9199052045349654
-1.1343825335677593
-0.9743925939096301
-1.3497334660696338
-1.2373119785871063
-1.1628074073387935
-1.0822739757243833
-1.4113078195012945
-0.9984069644632734
-1.0903143648617122
-0.890719820597552
-1.2361487767624897
-1.2386302942376795
-1.1216358687117007
-1.1918927541706856
-1.231013895171927
-0.9258732848147414
-0.9438264839866507
-0.6766473313088767
-0.8438015550377692
-1.1509289335652635
-0.7927870757626032
-0.8028369268234985
-1.1074539160267607
-0.7043379902469968
-1.0491510328414877
-0.9882987543430126
-0.8376656523653963
-1.0022440791155882
-1.0887498299199232
-1.073676459968893
-1.2633198928377483
-1.1191552429934417
-1.0964073593342953
-1.1036464831180877
-0.9497160994827804
-0.9107481208995736
-1.247054804902132
-1.2498557230568252
-0.9379903631722761
-0.8543975213343273
-1.2032564938930932
-0.9004248764032321
-0.7021273541943255
-1.241625096289658
-1.042661906002522
-1.1109607426439487
-1.0282769269279124
-0.7772901007842312
-1.1507487528615357
-0.8981543427609597
-1.1100048600588968
-1.222035489240584
-0.8894934334234665
-0.8362681372913724
-1.0705530867904556
-0.9484977309282859
-1.065649275955114
-1.1315373518068663
-0.9022540066265321
-1.1587103997849786
-0.9248512626843813
-0.960377278873294
-0.9205725763880732
-1.2501199673226122
-0.7545152383837569
-1.054859624976742
-0.9227757803477813
-0.8049191256851742
-0.8989501550001995
-0.6356623993187022
-0.7996561058535844
-0.6101847603091709
-0.7752338340533801
-0.44863510111189053
-0.7486594956292362
-0.8995895612125202
-0.7673580496287787
-1.156353411061786
-0.8058241829911207
-0.915988528111
-1.166586921334422
-1.216719990422289
-1.103913159099827
-1.0347841564212745
-1.2678891440635802
-1.0504695338314383
-1.0454401839433016
-1.0233852633401772
-0.7998902433426375
-0.967175423912734
-1.0968743562626941
-1.060603387934741
-1.4034186995537536
-0.7053747021248968
-0.9020953682291153
-0.9983456732644939