4.382742181540809
2.214049707602339
4.380809814391052
1.4248538011695908
4.132718026951438
4.382742181540809
4.132718026951438
4.382742181540809
4.38225908975337
4.3817759979659305
4.3817759979659305
4.3817759979659305
4.3817759979659305
4.3817759979659305
4.3817759979659305
4.381292906178491
4.298201118738877
4.3817759979659305
4.380326722603612
4.381292906178491
4.297718026951438
4.382742181540809
4.382742181540809
4.382742181540809
4.382742181540809
4.38225908975337
4.383225273328249
4.38225908975337
4.38225908975337
4.38225908975337
4.3817759979659305
4.3817759979659305
4.382742181540809
4.3817759979659305
4.382742181540809
4.38225908975337
4.38225908975337
4.38225908975337
4.38225908975337
4.38225908975337
4.38225908975337
4.382742181540809
4.3817759979659305
4.383225273328249
4.298684210526317
4.382742181540809
4.299650394101196
4.384191456903128
4.383225273328249
4.383708365115689
4.383225273328249
4.383225273328249
4.382742181540809
4.383708365115689
4.383708365115689
4.299167302313757
3.9372629036359026
2.1440249173658787
4.383225273328249
4.382742181540809
4.382742181540809
4.381292906178491
4.3817759979659305
4.3817759979659305
4.3817759979659305
2.15559877955759
3.7252542588354958
4.299650394101196
4.298684210526317
4.299167302313757
4.383225273328249
4.382742181540809
4.38225908975337
4.382742181540809
4.382742181540809
4.382742181540809
3.1869997457411645
3.220333079074498
3.82624841088228
1.6765643274853803
3.8010030511060267
3.8010030511060267
3.7998919399949154
3.806558606661582
3.7598919399949153
2.280160183066362
3.834581744215613
2.9801741673023137
1.4198538011695905
2.9968408339689803
1.5198538011695903
2.815584795321637
2.8455847953216367
2.7522514619883034
2.872251461988304
1.310151284007119
1.2934846173404524
0.8268179506737859
2.005730994152047
1.7640643274853802
1.768230994152047
2.005730994152047
1.7765643274853804
1.768230994152047
2.005730994152047
2.005730994152047
2.103887617594711
1.4040478006610728
1.3628197304856344
2.0909496567505723
3.1384935163996945
2.994415204678362
2.222762522247648
2.0979672006102215
2.3861053902873124
1.810686498855835
3.068508771929824
2.615972540045767
2.6077777777777773
3.5288888888888885
1.9106864988558352
2.202631578947368
2.0692982456140347
0.78
0.78
0.768888888888889
1.0045893719806764
1.675718916857361
3.4418942283244345
2.246092041698449
3.435227561657768
1.2509916094584288
2.787776506483601
2.8322209509280447
2.8233320620391558
1.9015204678362572
2.8766653953724894
1.4339766081871346
2.528888888888889
2.641111111111111
2.601111111111111
3.45
3.110643274853801
3.438888888888889
3.0384210526315787
3.194444444444444
3.072222222222222
2.822951945080091
3.0201741673023137
2.9812852784134245
2.623362573099415
2.6933625730994146
2.8923963895245355
2.623362573099415
1.4721484871599286
1.4721484871599286
2.096212814645309
1.4721484871599286
1.8427777777777774
1.6479811848461734
2.0800139842359524
1.6462267988812613
2.272045512331554
2.0979672006102215
2.096212814645309
1.4721484871599286
1.5277040427154844
1.216388888888889
1.0524993643529112
1.0577625222476483
3.0157920162725653
3.0046809051614547
1.9736664124078314
2.646052631578947
2.646052631578947
2.766052631578947
2.646052631578947
2.7368408339689805
2.8311403508771926
1.9015204678362572
2.8478070175438592
3.0275133485888626
2.6527192982456143
2.7527192982456143
2.872719298245614
1.9847711670480552
1.9830167810831432
0.24175438596491228