-0.7538428334326481
-0.8459959666837207
-1.3750226302972854
-1.1421207209197455
-0.845082306347935
-0.9029774419952068
-0.845082306347935
-0.8454239462437899
-0.8455898958252858
-0.8455898958252858
-0.8455898958252858
-0.8455898958252858
-0.8455898958252858
-0.8455078759205805
-0.8457268578542203
-0.8257342109241259
-0.8455898958252858
-0.8461329287126553
-0.8457073591400097
-0.8258647257182637
-0.845082306347935
-0.845082306347935
-0.845082306347935
-0.845082306347935
-0.845370913891646
-0.8449163567664393
-0.8453419263390848
-0.8453419263390848
-0.8453419263390848
-0.8455898958252858
-0.8455898958252858
-0.8452049643101502
-0.8455867147230908
-0.8452049643101502
-0.845420765141595
-0.845370913891646
-0.8454685742157324
-0.845370913891646
-0.845442337860597
-0.845442337860597
-0.845082306347935
-0.8455867147230908
-0.8449163567664393
-0.8254100013175637
-0.8451321575978841
-0.8452049643101502
-0.8251064930608841
-0.8447570929531127
-0.8449163567664393
-0.8448606844939905
-0.845028428216837
-0.845028428216837
-0.8452474101504767
-0.8448381581898468
-0.8449095821587977
-0.8251702226159584
-0.7066892297768606
-1.3906277979431028
-1.0446808944309116
-0.8452049643101502
-0.845135338700079
-0.8458056966567306
-0.8455898958252858
-0.8455898958252858
-0.8455898958252858
-1.2426002756558978
-0.9735647719322813
-0.8253391861511219
-0.8257572687627079
-0.8251702226159584
-0.8449163567664393
-0.845082306347935
-0.8455642750985295
-0.845082306347935
-0.845082306347935
-0.845082306347935
-0.8408828737762152
-0.9447424669785518
-0.792298087032502
-1.159589847768683
-0.7742980670539101
-0.7742980670539101
-0.8771314915131995
-0.8731948477772663
-0.7484274238804284
-1.0806341647963422
-0.7931022705658121
-0.559980426248405
-0.5903237515231717
-0.5502379944148384
-0.5425651547091727
-0.5474204810521512
-0.5516454877030974
-0.5177904849062618
-0.5356960349937832
-0.4403478102679243
-0.443252816125221
-0.8472137143553279
-0.6357947971247525
-0.7787692468733677
-0.7784413176635071
-0.6357947971247525
-0.776229658399135
-0.7784413176635071
-0.6357947971247525
-0.6357947971247525
-1.196328601417392
-1.1373425640866603
-1.0553815808745537
-0.7187643731669631
-0.6430906988498705
-0.3650997457919647
-0.9454817319595928
-0.6591119772566614
-0.9369431345156675
-1.2761593205901847
-0.6864158617279005
-0.9884185093252936
-0.3450799843465546
-0.44941785829107067
-1.3259876016431236
-0.19981304321567897
-0.48272285885156785
-0.7164322817095014
-0.7164322817095014
-0.768851655087251
-1.6148307719161785
-1.2983449146013422
-0.4934876905937224
-0.6601677940902609
-0.4943563399322257
-0.8777213639560029
-0.7946704326951294
-0.678946674536757
-0.8782007004152095
-0.6595495022902194
-0.6369964346441267
-0.04845874716452216
-0.6227713565398761
-0.6227713565398761
-0.3957348176900351
-0.17733169167365248
-0.6142978604964292
-0.1798963164104838
-0.18367971680843806
-0.374988948432902
-0.3398078770406429
-1.033781283392946
-0.723820458465709
-0.7356537782631769
-1.1348227885645665
-1.0036268302273486
-1.1760146390095698
-1.1348227885645665
-0.6972307331821311
-0.6972307331821311
-0.6611816455939393
-0.6972307331821311
-0.5777874350286568
-0.6997303813875763
-0.647645210482526
-0.7004484518358015
-0.6627814204454241
-0.6558157760581343
-0.6611816455939393
-0.6972307331821311
-0.70506318635004
-1.2592910568770859
-0.4736230498561992
-0.4257957529109852
-0.9917110630339718
-1.002705975353812
-1.381118762694379
-0.44208733286447144
-0.44208733286447144
-0.44801493939555287
-0.44208733286447144
-0.9067835437068067
-0.6840237376726296
-0.6595495022902194
-0.6788939620997693
-0.9069956483671653
-0.4316744389751506
-0.473166806865397
-0.4725714102741556
-0.6512333352478675
-0.6512333352478675
-0.9853285314198431